00011010011100101 85592
011111101010101111 251262
0010101111111001101 368596
10111001111101 12189
00000011011110000111 925376
00110011101111110101 720332
0111100001010110001 289310
110110011101110101 179099
0100111010111010111 482674
1111001111000001011 426959
01001011011001000101 665298
1001110010010110011 420153
1011110001001001 37437
0110011000010011 51302
10101111100001110101 713205
01100011101010101101 742854
00000000100101011 108800
01111101101111010011 835006
11000100001010101001 611363
11001101111101100101 683955
100001011001001101 182689
00100010000010110111 970820
110110101101100001 138075
010010100001100011 202834
1110010010001111101 389415
00101100001000110011 836660
101001111000001011 213477
1000000111010110011 420737
10101101110010000011 791477
000010011111000011 200592
0011100010011110011 424220
0000011000110110001 289888
00100111000110010101 694500
10110111111011001111 997357
00111011000001001111 991452
10111111011111101001 622333
0011111011110101111 503676
11100110001001011011 894055
0001000101001110011 422536
100010101110100111 235345
0111000000010011001 313358
10101110111001010101 698229
0001111010111101 48504
00100100111000010001 558884
00001100000001000101 663600
1110101110101111011 456151
01111110000000000101 655486
11010011000100000011 788683
01101011100101100111 944598
00110100111001001011 861996
